!!!COM: Bach, Johann Sebastian
!!!OPR: Lute Suite No. 1
!!!OTL: Bourree/
!! BWV 996
!! Arranged for guitar.
**fret
*ICstr
*Iguitr
*k[f#]
*M2/2
*MM132
*RT:0:5:10:15:19:24
*AT:E2
30
22
03
02
5
24
00
2
30
22
4
05
23
1
30
02
5
24
00
2
30
2
20
4
02
2
30
22
03
02
5
24
00
2
30
22
4
05
23
1
30
32
0
54
0
0
3200
30
0
23
02
1
30
23
3
30
44
3
05
04
2
21
02
0
21
00
2
02
2
0
3
2
03
2
30
23
3
30
44
3
05
45
5
07
12
0
23
22
4
43
2
0
20
1
2
4
6
77
7
79
07
0
45
00
3
02
30
3
23
33
6
35
25
5
07
22
0
24
0
3
2
0
40
0
01
2
43
2
30
1
21
0
22
4
60
4
05
04
2
21
02
4
25
4
2
02
*-
