240	558
357	756
381	756
237	622
512	993
547	1250
662	1250
574	1361
481	1333
404	1381
77	478
121	478
467	1011
474	1011
476	1011
315	1846
334	1846
361	1846
368	1846
1767	1846
1805	1846
59	500
798	1094
211	1010
342	1010
459	1010
65	285
719	1103
271	784
275	784
862	1380
788	1638
769	1608
395	1525
729	1525
898	1525
134	1601
1124	1601
1126	1601
1131	1601
176	779
315	779
303	1717
962	1717
969	1717
971	1717
1469	1717
276	1199
665	1822
660	1600
673	1600
318	1383
842	1816
508	1500
655	1500
657	1500
673	1500
675	1500
1199	1500
993	1353
358	1154
1038	1859
1084	1859
398	1329
400	1329
418	1329
710	1329
1034	1152
1036	1152
1041	1152
1043	1152
526	1173
905	1164
118	354
247	1775
744	1775
664	1501
1116	1710
132	1603
956	1603
961	1603
1012	1603
1019	1603
197	1025
1338	1949
1005	1233
61	541
63	541
68	541
70	541
882	1858
1093	1861
749	1634
1111	1615
1123	1615
1547	1615
81	407
89	407
107	1668
566	1668
588	1668
1154	1668
1447	1668
1475	1668
436	1871
443	1871
83	666
885	1321
887	1321
1178	1321
753	1724
767	1724
779	1724
901	1724
935	1724
937	1724
604	1509
750	1364
1312	1364
836	1993
