558
756
756
622
993
1250
1250
1361
1333
1381
478
478
1011
1011
1011
1846
1846
1846
1846
1846
1846
500
1094
1010
1010
1010
285
1103
784
784
1380
1638
1608
1525
1525
1525
1601
1601
1601
1601
779
779
1717
1717
1717
1717
1717
1199
1822
1600
1600
1383
1816
1500
1500
1500
1500
1500
1500
1353
1154
1859
1859
1329
1329
1329
1329
1152
1152
1152
1152
1173
1164
354
1775
1775
1501
1710
1603
1603
1603
1603
1603
1025
1949
1233
541
541
541
541
1858
1861
1634
1615
1615
1615
407
407
1668
1668
1668
1668
1668
1668
1871
1871
666
1321
1321
1321
1724
1724
1724
1724
1724
1724
1509
1364
1364
1993
