5.70044
5.55459
5.42626
5.35755
5.85798
5.2854
6.20945
6.06609
5.85798
5.42626
6.49185
5.16993
6
5.70044
5.83289
6.06609
5.55459
5.20945
5.64386
5.49185
5.20945
5.61471
5.42626
5.90689
5.55459
5.32193
5.35755
5.12928
5.49185
5.52356
5.45943
5.67243
5.45943
6
5.24793
5.85798
5.61471
5.45943
5.70044
4.90689
5.85798
4.85798
5.85798
5.32193
5.80735
5.58496
5.52356
5.70044
5.70044
5.64386
5.55459
5.93074
5.45943
5.12928
5.55459
6.04439
5
6
5.42626
5.42626
5.9542
5.04439
5.61471
5.61471
5.32193
5.70044
5.49185
5.16993
6.14975
5.90689
5.80735
5.12928
5.55459
5.49185
5.67243
5.61471
5.75489
5.42626
5.55459
5.55459
5.80735
5.83289
5.58496
5.93074
5.64386
5.67243
5.52356
5.42626
5.55459
5.16993
6.39232
5.58496
5.20945
5.32193
5.32193
5.52356
5.9542
5.49185
5.52356
5.55459
5.52356
5.70044
5.49185
5.32193
5.52356
5.20945
6.16993
5.45943
6
5.45943
5.49185
5.20945
5.70044
5.55459
5.61471
6.55459
5.55459
5.49185
6.04439
5.58496
5.70044
5.55459
5.61471
5.75489
5.32193
5.58496
5.52356
5.61471
5.72792
4.80735
5.52356
7.06609
6.78136
5.93074
5.64386
5.2854
5.88264
5.61471
5.49185
5.67243
5.04439
6.02237
6.16993
5.80735
5.67243
5.52356
5.45943
5.35755
5.04439
5.32193
5.2854
5.24793
4.52356
5.90689
5.20945
5.32193
5.78136
5
5.35755
5.78136
5.83289
5.78136
5.67243
5.64386
5.75489
5.78136
5.35755
5.78136
5.32193
5.67243
5.70044
5.83289
5.45943
5.2854
5.75489
5.24793
5.45943
5.97728
5.24793
5.64386
5.70044
5.42626
5.49185
5.35755
5.58496
4.85798
5.24793
5.39232
5.72792
5.16993
5.08746
4.80735
5.2854
5.52356
5.80735
6.82018
6.24793
5.88264
5.88264
6.35755
6.49185
6.02237
5.16993
7.07682
6.02237
5.70044
5.88264
5.64386
5.78136
6
5.80735
5.35755
6.30378
6.52356
5.93074
5.24793
5.9542
5.61471
6.52356
5.64386
5.61471
5.85798
4.90689
5.55459
5.64386
6.14975
4.9542
5.93074
5.52356
5.52356
5.42626
5.39232
6.08746
5.80735
5.16993
5.83289
5.42626
5.67243
5.32193
6.53916
5.78136
5.67243
5.97728
5.08746
5.88264
5.32193
5.42626
5.32193
5.45943
5.55459
6.40939
5.58496
5.35755
5.72792
5.55459
5.20945
5.85798
6.2854
5.24793
5.49185
5.49185
5.39232
5.61471
5.88264
5.52356
5.58496
5.9542
5.67243
5.58496
5.80735
5.39232
5.64386
5.72792
5.20945
5.45943
6.10852
5.55459
5.45943
6.06609
5.55459
5.35755
5.85798
5.80735
5.52356
5.45943
5.2854
5.39232
5.49185
5.55459
5.67243
5.2854
5.12928
5.52356
5.12928
6.14975
5.64386
5.75489
5.67243
5.42626
5.61471
5.88264
5.24793
5.52356
5.52356
6.35755
6.24793
5.20945
5.85798
5.08746
5.72792
5.88264
5.45943
5.64386
5.80735
5.67243
5.52356
5.80735
5.72792
4.9542
5.49185
5.83289
5.78136
5.61471
5.49185
5.32193
5.70044
5.52356
5.61471
5.49185
5.70044
5.80735
5.80735
5.12928
5.32193
5.45943
5.88264
5.20945
5.45943
5.85798
5.61471
5.49185
6.10852
5.12928
5.64386
5.80735
5.35755
5.64386
5.61471
5.32193
6.06609
6.16993
5.45943
5.70044
5.42626
5.61471
5.55459
5.55459
6.16993
5.85798
5.75489
5.49185
5.45943
5.85798
5.49185
5.42626
5.55459
5.78136
5.58496
5.52356
5.97728
