5.35755
5.35755
5.08746
5.08746
5.58496
4.64386
6
5.55459
5.20945
5.24793
5.75489
4.90689
5.45943
5.35755
5.2854
5.55459
5.35755
5.08746
4.39232
5.24793
5.08746
5.42626
4.90689
5.39232
5.12928
4.75489
5
4.70044
5
5
5.08746
5.04439
5
5.12928
4.80735
5.24793
5.08746
4.90689
4.90689
4.85798
5.20945
4.64386
5.80735
4.70044
5.16993
4.9542
5.12928
4.75489
5.24793
5.12928
5.04439
5.32193
5.16993
5.08746
4.45943
5.55459
4.90689
5.42626
5.16993
5.2854
5.16993
5.04439
5
5
5.16993
5.42626
5
4.80735
5.90689
5.70044
5.55459
4.90689
5.12928
5.16993
5.08746
5.16993
5.20945
5.08746
5.52356
5.12928
5.12928
5.32193
5.32193
5.61471
5.39232
5.35755
5.42626
4.90689
5.42626
5.42626
6.04439
5.08746
5.2854
4.80735
4.85798
5.42626
5.52356
5.12928
5
5.35755
4.70044
5.61471
4.85798
5.04439
5.12928
5.32193
5.52356
5.24793
5.93074
5.24793
5.39232
4.90689
5.24793
5.04439
5.04439
6
4.80735
5.08746
5.52356
5.16993
5.39232
5.61471
5
4.9542
4.80735
5.32193
4.64386
5.12928
5.2854
4.52356
4.64386
6.12928
5.9542
5.20945
5.2854
4.58496
5.32193
5.20945
4.90689
4.90689
4.75489
5.08746
5.97728
5.08746
4.85798
5.12928
5.12928
4.80735
5.12928
4.45943
5.12928
5.20945
4.24793
5.42626
4.90689
4.85798
5.42626
4.58496
4.75489
5.35755
5.08746
4.80735
5.04439
5.16993
5.08746
5.12928
4.75489
5.08746
4.75489
4.85798
5.24793
5.45943
4.85798
4.90689
5.32193
4.75489
5.16993
5.45943
4.64386
4.85798
5.08746
4.90689
5.2854
5
4.64386
4.64386
5.20945
4.58496
4.90689
4.9542
5.08746
5.24793
5.32193
5.2854
5.04439
5.93074
5.39232
5.42626
5.04439
5.42626
5.85798
5.45943
4.9542
6.42626
5.72792
5.24793
5.42626
5.85798
5.24793
5.08746
5.24793
5.42626
5.78136
6.02237
5.2854
5
5.04439
5.08746
6.08746
4.75489
5.35755
5.20945
4.70044
4.90689
4.80735
5.32193
4
5.35755
4.90689
5.04439
5.32193
4.64386
6.14975
5.45943
5
5.39232
5.04439
4.9542
4.52356
5.9542
4.75489
5.2854
5.75489
4.52356
5.32193
4.9542
5.24793
4.90689
5.12928
5.85798
6.02237
5.24793
5.20945
5.45943
4.9542
5.2854
5.24793
6.04439
4.75489
5.2854
5.08746
5.39232
5.45943
5.20945
5.12928
5
5.58496
5.2854
5.24793
5.85798
5.24793
5.24793
5.12928
5
4.9542
5.55459
4.90689
4.90689
5.58496
4.90689
5.20945
5.16993
4.85798
5
5.20945
4.64386
5.04439
5.20945
5.2854
5.52356
5.08746
4.85798
5.04439
5
6.06609
5.20945
5.58496
5.52356
4.75489
4.90689
5.42626
4.70044
4.80735
5.2854
5.42626
5.39232
4.90689
5.58496
4.85798
5.04439
5.58496
4.90689
5
5.39232
5.61471
5.20945
5.08746
5.45943
4.75489
4.58496
5.24793
5.16993
5.12928
5.2854
4.85798
5.04439
4.64386
5.32193
5
4.90689
5.39232
5.58496
5.04439
5.32193
4.90689
5.39232
4.9542
4.90689
5.2854
5.42626
5.12928
5.78136
4.9542
5.32193
5.35755
5.2854
5.20945
5.16993
4.90689
5.2854
5.58496
4.85798
5.24793
4.85798
5.20945
5.12928
5.2854
5.64386
4.52356
5.20945
4.85798
5.04439
5.49185
4.64386
4.90689
5.20945
5.55459
5.16993
5.12928
5.35755
