6.13445
6.75
7
7
7
6.42857
6
7
6
6.8
6.38095
6.83333
6
7
6.5
8
7
6
7
6.77778
6
6.42105
4
7
6.73333
8
7
5.81481
7
7
6.125
6.66667
6
7
6.8
5.72727
6.41379
6.09091
6
7.3125
6
6.75
6.92308
6.04762
5.80435
7.175
7
7.26
7.78261
7
5.55
6.125
5.47368
7
6.37037
7.86207
7.28261
7
7.25
7.22581
6.625
7.30303
5.46552
6.61404
5.67347
6.27273
6.40741
7
5.66667
7
7
5.69565
6.8
5.9
6.78261
7
7.09375
6.125
6.56
6.70492
6.84848
6
7.53333
6.55556
6
5.7619
7
6
6
7
5.96774
6.19444
5
6
7.35185
7.91304
7.91304
7.14286
7.1375
8.2973
6.3012
5.95161
6.66667
6.28571
5.63889
6.85
4.41935
5.75714
5.85185
7.5
5.26316
6.33333
5.83333
8.83333
8
7
6.52941
5.85
5.55882
7.32143
6.11765
5
6.78049
6.81481
6.76923
7.9
8
6
7.42857
6.73913
5.7451
6.06061
5
7
6.92857
6.44444
5.75342
7
6.53947
4.6
6.31818
6
8.63636
6.90323
6.625
6.42424
6
6.74074
6.71429
7
7.54545
6.59091
8.36842
5.54545
7.1875
7.77778
7
8.16216
7.30769
6.18182
5.92308
7
5.65
6
7.8254
6.56
5.88372
6.30769
5.30556
7
7.60976
6
7
7.52632
6.46667
8.04545
6.875
6.64286
5.94444
6
8
7.23077
7
7.46875
6.57143
6.58333
8
7.73529
7.75
7
7
7.2
6.47727
6.25
8
7.21429
7
7.57692
6.7551
5.8
8.5
5
6.71429
7
6.82353
6.13793
7.88889
6.46512
7
6.57377
7
7.57576
7.18421
6.68571
7.26316
6.14815
7.83673
6.6
6.4
6.4
6.8125
7
8
6.38462
6.9375
7
6.68
7
6
8
7
7
5.96875
6
7
5
7
7.62857
6.0625
6.76667
7.74815
8.10294
7.77778
7
7.16667
7
5.95455
6.91304
7
6
7
7.93878
7.79167
7.57895
6.92857
6.65217
6.77273
8.31081
6.26667
6.89474
7.62069
6.66038
6.91304
6.6129
8.31884
6.62
8
5.83333
7
6.75676
7
6
6.41379
7
6.5
7.23636
6.80769
6.69048
5.60465
6.91304
6
7.66071
6.21795
6.88889
6.78723
6.68571
7.69512
7.61905
7
7
7
7.02041
7.93103
7.7377
7.45455
6.84615
5.30469
8.175
7.08824
8.21569
7.4186
6.94
7.38462
6.87356
7.09375
6.72
6.96154
6.28571
5.5
7
6
6.59524
6.86486
5.67797
6.88889
5.72222
6.15517
6.14286
6.82759
7.20548
7
5.68421
6.48077
6.90323
5.70588
6.0315
6.46032
6.01149
6.10784
6.14151
6.27273
7.77273
5.87037
5.83824
5.75
5
5.8254
6.68333
6.02273
6
6.7931
5.65789
6.39806
6.33333
6.85484
5.84615
5.72
7
6.30769
6.82759
6.4375
7.12121
8
6.43836
7.14286
6.82143
6.48718
6.42
7.94286
6.82222
5.95238
5.76562
5
5
6.44118
7.08511
7.54762
5.62025
5.93333
4.70833
6.13636
6.13636
5.40244
4.86486
7.64706
6.52381
6.83333
7
6.52174
6.63158
4
7.25275
6.93478
6.37037
7.46667
5.71053
6.16667
5
5.28302
7.27778
5.18182
7.2549
6.63014
5.11111
4.30137
6.35417
6.43182
6.4
6.42308
5.82857
6.26866
6
6.78261
5.82353
6.21429
6
6.92
6.28571
4.73913
6.06522
4.88
6.46154
7.2
7.2
6.35714
7.3
5.89474
6
6
6.86957
8
7
7.10811
7.76744
6.06667
6.725
7.04878
7.71429
7.14286
7.19355
7.06667
7.12621
6.44444
7.53333
7.70833
6.78
6.54839
7.56522
7.13158
6.79612
6.72727
7.92308
7.8
6.95
6.85714
6
5.875
6.92045
6
4.5
7
7
6.48
7.03636
7.33333
5
6.63158
7.18841
6.35593
6.16071
7.81818
7.5614
7.27907
5.59459
8
6.48718
7.77778
6.46774
4.8
6.81579
5.95349
6.35714
7.2381
8
6
9.11765
5.24
6.8
6.64912
7.66667
6
6.68519
6.25556
6.5
6.55556
6.33333
6
6.16216
5
5.625
5.21875
6.82609
5.48148
6.77778
6.37705
7
5
6.625
6.52174
6.72
5.9375
8
6
5.78571
7
6.95455
5
6.02703
7
8.88889
7.12121
7
6.34483
8.2
8
6.39474
7.54795
8
7
5
8
6.8125
9.42857
7.11111
7
8.35135
6.72549
6.45455
6.95652
6.72826
6.72727
6.9375
6.5
7.46667
6.07407
6.375
7.37209
6.625
7
6.29167
5.19355
6
7
6.3
7
7
7.65909
6
7.12162
5.75
6.7
7.09615
7
6
7
6.83721
7
6
8.25
5
7.4
6.93939
6.175
6.77778
6
7.85714
9
7
6.93103
6.66667
9
6.13043
7.72
8.88889
8.29032
7.33333
7.09524
7
7.65217
7
7.375
8.14925
7.90385
7.54369
8.25714
6.78125
6.72
7
7.725
8.15
8
7.4
7.0625
7.25
5.5
6.62069
7.73239
7.725
7.93333
6.28571
6.76
6
6
6.46154
6.3
6.82857
7
6.66667
6.90625
5.53333
6.72727
7
5
6
6
5.44444
5
6.66667
6
6.375
6
5.94444
5.14286
5.63636
6.64286
5
6
6.5
6.61538
6
6.40625
6.63158
6.31579
6.70833
5
6.65625
6
5
5.66667
5
5.53571
5.22222
5.38462
5.88235
6.84211
5.64706
6.9
6.66667
6.46667
6
7
7
7
5.6875
6.25
6.14634
6.26923
6.09091
5.48387
5.96774
5
6
5.84211
5.41667
6.06897
6.66667
5.26087
7
5.86957
7
5
5.04348
6.75
5.52941
6.33333
6
6
7
6.25
7
7
6.27778
7
6.55556
6.12
6
6
6.35
6
5.10526
6.3
6
6
6.85714
5.33333
6.78947
7
7
5.25
7
6.53846
6.73333
6.4
7
6.2381
6
7
7
6.21053
6.33333
5.7619
7
6.92857
5.9375
6
7
7
7
6
5.32258
6
6
5.24
7
5.40909
6.26667
7
5
6.72816
5.4661
6.86517
6.76471
5.52381
6.9
6
5.93333
5.71429
5
5
5.46154
7
6.05263
6.5
7
7
7
5.83333
6
6.2
6
5
7
6
6
6.16667
6.91667
7
5.32143
4.86111
5.17073
5
6
6
5.92857
6
5.65789
6
7.63158
7.27273
5.83333
6.4375
6
7
6.61905
7
6.53125
5
6
6.61538
7
6.8
6.825
6.35714
6.04545
7
6
7
7
6
7
7
6.41667
5
6
6.95
6.16667
7
7
7
7
7
5.9
5.85
6.2
5
4.83333
5.95
7
6.58333
5.7
6
6.1
6.45833
6
5.93333
6.65
7
6.15385
6
6
5.93617
4.85294
5.75
6.23077
5.23333
6.92857
6.5
6
7
6.6087
6.38095
6
6.22414
6.14815
5.92857
5.33333
5
6.42857
7
5.75758
6.53333
6.35484
6.88889
6.875
6.41176
5.20833
5.97561
5.20588
6.1875
6
6.33333
6.85714
5.77778
7
6
5.61538
6.78947
5
5
6
6
7.75758
4.58929
7.83333
7
6.92308
7
5.9
5.42105
5.2439
5.27778
5
5.75
5.5
6
5.38462
5.25
5.63043
6
7
5
6.4
6
6.6875
5.66667
5.66667
7
7
5
7
6.6
6.42105
6
5.72222
5
5
6
6
6.1
6
6.91667
6
5.4
5.57143
5.54545
7
6.73333
5
6
5
5.45
5.46667
6
6
5.66667
8
6
5.11111
5.24138
5.5
7
5
7
5.23077
5.90909
6
7
5.6
7
6.4
7
4.71429
5.5
3.94737
6
7.46667
6
7
6
5.3
3.7037
6
6
5.25
6.76923
4.19048
7
6
6
6.27273
5
6.63889
5.33333
5.44444
6.77778
6.62963
6.61538
5.93333
5.58333
5.81481
5.44444
6.08333
6.34783
7.45098
5.86486
6.84615
6.08333
6.14286
6.75676
6.09756
5.90909
5
5
5
5
6.42857
5.28571
6.46
7
7
6.8125
6
6
6
5.67742
6.7561
6.32353
6.91429
6.9697
6.9697
6.89189
5.28571
6.52381
5.35714
5.74074
5.675
5.30952
5.43478
5.64
6
5.89474
5.875
6
6.90625
5.86111
5
5.95556
6.2973
6.64286
6.44444
6.06667
6.15152
6.3125
5.74194
6.36
7.18367
6.78571
7
7.16667
5
5.88235
7
7
8.31579
7
5.42857
5.92857
6.78571
6.625
6.5
6.72727
6.59091
7
6.75472
5.80556
5.60714
6.41667
6
6
6
6.60606
7
6.61538
6.89474
6
6
5
5
6.33333
7
5.9
5.25
7.28125
7
6.68966
5.88235
6.63158
6.13953
5.86585
6
5.6
7.34783
5.69565
5.8125
7
6.125
5.33333
5
5.14286
6.92105
8.36111
7.43333
6.875
6
6.63889
6
5
6
6
5.9375
6.95652
7
6.21429
4.98305
6.5625
6.05
5
6.68182
6
6
4.87805
5.26316
5
6
5.95833
7
6
6.6875
6.46154
5
5.45161
5.8
4.89286
5.55556
6.94444
6.44737
6.28571
6.3913
6.82609
6.2
6
7
6
6.36
6.82353
6.85714
6.85185
6
6
6.46552
5.14286
7
5.58333
5
6.54545
7
6
7
7
7
7
6.85714
6.18182
5.93333
6.72727
6.84375
6
5.76471
6.95238
5.64865
5.73529
5.25
6
6.75676
6.1
5.3
6
5.67647
5.21053
5.32143
6.08197
5.85714
6.73684
6.37931
5.26087
6.35714
6.17391
5.86957
7
6
6.5625
6
5.25
6.72727
7
7
7
6.75
6.81818
7
6.16216
5.08333
7.61039
7.48889
7.16981
6.66
5
6
6.66667
6
6.63158
6
7
6
6
6.92857
7
7
5.96154
6.7381
6.94643
5.81579
6.07317
6
6
6
6.19608
5.85714
6
5.34783
5.44444
6
6
5.76923
6
7
5.66667
7.2069
6.7
6.74468
6.48
7
6.86842
7.3
7
7
7
7
6.31579
7
5
5.92308
5.5
6
7
5
6
5.76471
6.13636
6.78571
6.09091
7
5.76923
6.16667
6
6.51724
6.51724
5.70968
7
7
6.77551
7.19048
6.4
7.07407
5
6
6.81081
6.90909
4
6
7
7
6
6
5.58333
7
6.27273
6.875
5.8
5.52174
4.79167
6.42857
6.9375
6.83333
6.6
5
5.70588
7
6.45455
6.72727
6
7
7
7.10526
6
6.74468
6.54839
5
5
7
6
6.53191
5.70732
5
5
7
6
5.76744
5.625
6.56
6.86957
6.95
6
7.82857
6
6.22973
6.07692
6.07692
6.10811
7
7
6.18182
7
6.14286
6
5
5
6.90909
7
5
6
6.22222
6
6
6
5.5
6.80769
7
7
7
5.77778
6.33333
6.375
7
6.83333
6
6.92308
6.67308
5.55263
6
6
5.6
6
7
5.6129
6.41935
7
6
6.66667
7
6.5
7
7
6.28571
6
5.69231
6
5
6
6.75
6.94118
5
6.86667
6.18519
6
6.5
6.33333
6.90909
6.05
6
5.17241
4.67742
7
7
7
6
6
6
6.55
6.25926
5.63158
5.28205
5.84091
5.66667
6.05263
7
7.88235
4
6
6.9
6
6
6.90625
5.90625
5.19512
4.4
6
7
6
6
6
6
6
6
5.94444
6.88
7.90476
6
6.81579
7
7
5.77778
5.73913
5.85294
5.47368
7.43333
6.98214
7
6.25806
6.35294
7
5.6
6.54167
8
5.91176
7.43243
6
7
6.81633
7
7
5.93939
5.65217
5.875
6.34615
6.05
5.96296
5
5.66667
6.64286
6.30769
6.7
7.26316
7.10526
5.97222
5.73333
6.77778
6
8
5
8
7
5.11765
7
5.04545
6
7.5
7.86957
5.82143
5.87879
7.85714
4.95
5.81818
5.66667
6
7
6
7.40541
5.09524
6.05263
5.23077
6
7
6.875
6
6.4878
6.65789
5.22222
5.875
7
7
5.15556
5.84615
5
6
7
6.91667
6
5.38462
7.6
6
7
7
6.38889
5.45714
6.61404
5.78571
6
5
6.11111
5
5.39583
6.61538
5
4.60317
6
6.95833
6
6.5
6.76667
6.78125
6.96774
7.01493
6
6.41379
4.77273
5.54545
6.1875
5
5.29167
5.75
5.5
5.96667
6
6
6.9375
6.9375
6.9375
6
6
6.25
5.85714
5
6
5
5.75
5.5
6.40909
7
7.33333
6
7
7
6.4359
6.60294
6
5.73585
6
6
6
6.69565
6.88889
6.85
6.18182
5.54545
6
5
4.85714
6
5.19231
6
6.4375
7
6.60606
5.65517
5.24719
4.8125
4
6.21053
5.86364
6.76923
5.88889
5
7
7
5.83333
5
6.57143
7
6.37143
6.875
6
7
6.96429
6.39583
4.38462
7
5
5.52381
5.80952
6.72222
7
6
5.78333
7.40541
5.55556
6
5
7
5
5
7.6
8.41379
6.72727
6.84615
7.34091
7.61538
7
8
7
6.80556
7
6.71053
6.96429
7.35714
6
6.5
7
5.33333
5.5
5.44444
5.95652
5.90476
5.83333
6
3
6
6.29412
4.85714
5.09091
5
7
7.13158
6.35897
6.15
4.80769
6.08333
6
5.72222
7
6.95652
5.06667
5
6.89655
6.51515
5
4.61538
6.25806
6.44444
5.47826
5
4.90909
6
6.5
6
5.27273
7
6.04
6.58
6
7.41935
7
6
5.39535
6.5
5.74
7
5.5
5.76667
6
6
4.82609
6.5
6.31818
6.12
6
6
6
6
5.1
4
5
5.41379
4
4.16667
4.47826
5.80769
5.88636
5.45455
5.41818
4.85
5.4375
4.58974
5.5
5.875
4
3
4.87234
3
6
6.975
5.66667
5.48485
6.62
5.42105
6.71429
6.71429
6.71429
6.6
6.73684
7.5
6.93939
6
5.54
7.05263
7.09302
6.4898
5.60606
5.77419
5.30189
5.33333
6.60976
7
6.95
5.83721
6.65
5.73171
5.79365
5.28261
5.37879
5.86111
5.48649
5.81481
6
6
6.83333
6.42857
6
6.44444
7
7
7.26829
7
6.54545
4.0625
6.85714
7
7
6.21429
6
6.65432
5.68421
6.71053
6.01961
5.57143
5.9375
7.09677
6.79592
7
6.45455
5.85714
5.95
6.58333
6.26829
6.47619
5.64865
6.375
5.89655
7
5.8
6.275
6.43243
5.72917
5.76
5.75
6.9697
6.90698
5.93333
7.18033
7.28571
7
7
7
7
7
5.75294
6.54167
6.675
6.4
5.59375
4.85
6
4.5
5.22449
6.31818
4.63889
6.54167
5.96774
7
7.17391
6
6.78571
6.4386
7
7.2
6.75
7
6.21429
5.94286
7
6.83333
6.15385
6
5
5.80556
5.18182
6
5.78462
6.33333
6
7
7
6.92857
6.94118
6.94118
5.2
6.51064
5.78947
6
5.75
6
5.94737
7
5.87719
5.97222
6.64286
5.625
5.72973
6
6
6.95238
5.625
6.57143
7
4.5814
5.58824
7
6.97059
6.31579
5.47826
7
6.16667
7
6
6.96
7.27273
5.57895
5.82222
6.64286
6.78125
6.53846
5.81818
5.82927
6
5.78571
6
5.73529
6.08511
5.55263
7.19608
7.66
6.375
7.82353
6.85714
6.83871
5.5
6.14706
5.2766
5.94118
5.85
6.60976
6.63636
6.76744
6
6.84444
6.625
7
6.06944
6.07407
7
6.62791
5.5122
7
6.5
6
6.02222
6.93333
7
6.28571
7
6
6.85714
6
5.3
5
6.44444
5
6.67857
6
5.875
5
5.78947
6.76
6.5
6
3
5.81818
5.13043
6.16667
5.78723
7.51923
6.78125
7.69444
7.67568
5.13514
6.69565
6
6.87879
6.96154
5.69231
5.76471
7
5.72222
6.83333
6.80488
7
5.09756
5.45455
5.96296
6.18182
6.95122
6.48571
6.61765
6.53333
6.92593
5.78788
6.0625
5.89744
5.9
7
6.48276
6.89744
6
6
5.95
5.62963
5.57143
5.55556
6.07143
5.275
6
5.875
6.5
7
6.65625
6
6.14286
5.68182
6.68182
5.625
6.22857
7.58333
6.48
5.44828
5.71698
6.08333
6
5
7.56
6
6.54545
6
5
5.83333
6.18478
6
5.66667
4.93333
4.97778
6
5
6.7
6.77273
5
6
6
6.51163
6.63333
7
5.27419
5.5
6
6
6
5.11111
5
6
5.51282
5.10256
5.14815
4.95918
6.78
6.75
4.78125
4
5.45455
7
5.86111
5.57143
6.76923
7.25397
6.42373
5.79592
6.48718
6.36364
7.51786
6.69231
6
6.85714
5.18182
6.25
5
7
7
6.62121
6.17857
6
7
4.16667
7
5.32
6.74468
7.6
5.7
6.38462
6.08
7
7
7.76
4.3
4.34375
5.75
3.4
5
6
5
5.52
4.52632
4.40625
5
4
4
3
5
6
3.31034
5.17647
5.36364
7
3
4
4
7
5
5
4
3.28571
4
4
5.5
3
3.33333
5
6.14815
6
6
5.95833
4.14286
3.93103
6
4.95652
5.1875
6
4.675
6.25
4.25
6
6
7
5
3.76471
7
5.88889
6
6
4
3.95
6
5.85185
7
6.51515
6.22222
6.28125
6.88889
7
5.68182
5
7.03226
6
6.875
5.71429
5.45455
5.32432
7
5.61538
5.35
6.25
6
6.21429
6.2
6.54545
5.78571
7
7
7
7
7.44186
6.63636
6.53846
6.87179
6.54286
6.6087
4.38235
6.5
7
6.39286
7.53846
6.82609
6.69048
6.4
7.1875
5.675
4.84615
6.875
6.5
6
6.36364
6
7
6
6
7
6
6
6.27273
5.56
6.47059
6.38462
6
5
5
6.52174
6.70833
6.81818
7
5
5.9
5
5.66667
7
7.66667
7
6
5.31034
5
5.82979
6
5.90476
6
5.33333
5
6
6
7
7
6
5.84211
3.90909
7
6
5
7
6
6.54545
4.82143
6.63636
7
5
5.92593
5.6875
4.69565
3
5
6
6
4.16667
4
7.25
6
5.91892
5
6.70588
7
6
6.63636
8
6.63636
7
6.77778
7
7
5.95455
7
6.4
7.35714
7
6.875
5.67647
6.85
6.36
6.66667
6.66667
6.77778
6
5.52273
6.57692
6.21429
7.1875
7.31429
7.31429
6.84314
6.66667
7.79545
7.6875
6.75
5.875
6.475
6.94444
5.2
6
6.70513
5.70833
6.325
6.17647
7.26
6.46988
6.19048
7.31915
6.47826
7.41026
6.22727
7.27778
6.91667
7
7.54839
6
7.37662
6.2
5.77419
7.23636
6.44118
5.80556
6.08333
6.07143
6.63636
7
6.71429
6.92593
7
6.90476
6.67045
5.64865
6.625
6.25
6.10714
8
5.35065
6.01538
6.65476
5.5
5.74286
6.64
6.28125
7.42553
7
7
6.73333
6.62963
6.125
5.47222
6.67308
6.9697
7.20455
6.85417
7.12121
7.63265
6.7381
6.4878
6.68333
6.70175
7
7
7
7
6
6.28571
6.29268
7.48485
5.89474
5
5.12
6.31034
6.51852
7
6.45161
5.76271
7
7.2381
5.98214
6.92308
6.70833
7
6.85714
6
7.85714
6.39535
7.88889
6.59259
7
6.6
6
7
7
7
7
6.61224
6.72
5.7619
7.39216
7
6.41667
7
6.65517
6.65957
6
6.7
5.82143
5.54545
5.25
5.66667
6.77778
6.10638
5.64286
6.95652
7.95349
6.86486
6.36667
7
5.82353
5.7
7.19512
5.95238
7
5.40426
6.55556
6.7
7
7
7
6
6.63636
6.4375
6.84615
7.7381
8.11111
6.72
5
6.28571
6.52941
4.65
6.29167
7.0641
7.56
6.25714
7
7.75
6.58333
6.63158
7.68085
7.22222
7.25
7
6.77778
7
7.63333
8
5.05
5
5.78571
7.34694
6.86667
7.07143
7
8.66667
7.625
5.87097
7.9375
7
6.16667
6
6.61905
6
6
7
6.75
7
5.78049
6.1
7
7
4.77778
6
6
6.73913
7
7
7.12821
5.75
6.31818
6.63636
5.77778
5.33333
7
7.51111
7.73469
6.21053
7.38095
5.83333
8.23438
8.28205
7.61905
7
6.65672
6.375
7.77273
5.8
7.18182
5.90909
7.66667
6
7
5.57353
6.58824
7
6.65385
6.34
7
6.54167
6.98077
7
6.96154
8
8.1
6.4375
6.7931
7.42857
7
7
6.25
7
6.8
6.78571
6.64286
7.07353
6.43333
6.53226
7.24138
6.38636
5.075
6
8.375
6.92857
6.6129
6.86957
5.72222
7
7
5.8
6.81081
6.40741
7.23656
6.45614
6.64815
6.98148
7
6.93333
7
7.36364
7
5.81481
6.55882
6.61538
6.5
6.89583
5
6.78261
5.1
7
5.3125
6.55556
6.98148
8.025
7
5.76812
6.33333
8.23404
7.18519
6.83051
6.86364
7.25714
7.88889
7.36111
6.65714
7.27586
8.11765
6.75676
6.89474
7.69388
7.65714
6.8125
6.7037
7
5
6.84615
7
5.71429
7.34286
6.67742
5.84091
7.24324
6.19444
4.84615
6.05556
7
7
6.75
5.62857
6.97368
7.75
7.22727
7.24194
6.5
8.32432
7.60976
8.25
7
6.28571
6.72727
7
7
7
6.48485
6.48889
7
6.85714
6.2
6.11111
6.73529
6.55556
7.53571
7.9
7
7
7
7.5614
6
6.61538
7.36364
6.22222
7.53846
6.85714
6.44444
6.60714
8.44231
6.45283
6.64286
6.7
7.875
7.12121
7
8
7
6.78182
6.6
6.60606
7.20455
6.72727
6.32
6.58333
8.95455
6.52778
6.58333
6.51351
7.24138
6.96226
8
5.98039
7
6.43137
6.83721
6.7907
7.10811
5.77143
5.16667
5.81481
6.88889
7.16129
7.63636
7
6.81818
6.64706
7
6.4
7
7
7.70968
5.78571
7
6.92
6.64103
6
5.70588
7.16667
6.79245
8
6.13333
7.7619
4.90909
7
5.83333
7.12903
5.66667
6.27273
6.31579
6.88889
6.96226
6.84314
7.81818
6.47368
6.9375
6.18182
7.21795
6.50847
6.61486
5
7
7.03571
6.47368
6.125
7.3871
7
6.75
5.57895
6.84091
5.64103
6.84444
7
6.85714
7
6.28125
6.60526
7.76923
7.08696
5.58824
8
7.85294
7.43396
7.25
7.74074
6.93548
4.8125
7.7931
6.925
7.43103
7.03774
8.16667
6
9
5.46667
5.59375
6.21053
6
7.29412
5.79412
6.81356
7
7
6.25676
7
6.23077
6.25
6.13333
6.75
5.97368
6.51724
7.41176
7.28947
6.16667
6.85
6.825
5.675
6.98
7.29787
6.36585
7.38182
7.07407
6.88462
5
8.64474
5.86364
5.62025
6.21739
7.88889
6.5
6.375
6.91228
6.97297
7
6.6
5.81034
6.71875
6.32
6.01429
6
5.24324
6.46667
5
4
5.52941
7.52778
6.46
6.752
6.2
6.5
7
6.42105
7
5.46774
6.96667
7
6.89474
6.97297
6.9375
5.26316
7
6.60606
3
6.98182
4.85714
6.35294
6
7.41379
7.75
6.27027
7.95238
5
5
6.63889
6
6
7
5.74545
6
6.53333
7
5
6.59091
6
7
5.9
8.60714
7
5.04762
7
7
7
7
6.76744
7.25
6.41463
6.25
8.04348
6.5
7.39474
6.40323
7
7.22807
6.62791
6.75
7
6.375
6.80952
7.36
6.97222
6
5.85714
7.3
7
6.35714
7.11111
6.9375
6.64286
6.30189
6.85714
6.66667
7
7.28571
7.68831
7.58333
7.74419
5.19048
6.6
6.97727
5.84211
6.23684
6.29487
5.5
5.575
5
6.24242
6.77778
6.94444
6
6.41176
4.46667
6.58621
8.48
6.84211
6.60526
6.5
7.2037
8.85714
6.84375
6.35
5.90385
7
6
7
6.57895
7
7.76923
5
3
7.53465
6.47692
6.5
7
7.98039
5.89474
6.71429
8.14815
5.83784
6.68571
6.25581
6.75862
5.73469
6.80435
6
6
6
7
6.55263
5.54286
7.57692
7.25275
6.91304
7.30769
5.48571
5.25
5.90625
7.14583
6
5.7
4.59459
7.54545
4.91892
6.375
8
7
7
6.52
7.86207
6.96429
7.26316
7.82143
5.44737
8
6.48571
6.875
7
6.875
7
6.09091
6.18182
6.73529
6.31429
7.53571
7.8
6.93478
6.81818
8
6.88095
6
8.66667
5.35484
6
7.85714
8
6.97619
7.97778
6.03704
5.66667
6.28
7.75
7
6.10811
6.84211
5.88235
5.18182
5.66667
6.45455
7
5
5.46875
5
5.25
6
6
6.2
7
5.93827
6.32895
5.38596
5.30435
6.48387
7.17857
6.48387
7
5.91429
6.35484
6.0303
7
6
5.48387
6.625
6.4375
6.61905
5
5.82353
5.67442
6.63333
6.57692
6.65714
6.5
6.33333
5
6
6.13333
6
6.44444
6
6
5.76923
5
5.76923
5.36364
7.8
6
7
7
6
5
5.33333
6.77778
4.83333
6.9
7.30769
7
7
8
6.75
5.77273
6.4375
6.4375
6.73333
7
6.375
5.96429
6
4.93333
6
6
5.5
7
6
6.19231
6.77778
6.66667
5
5
5
6
5
6.28571
4.96154
4.70588
5.45
8
6.25
5.83333
7
7.29412
6.38636
5.45
6
7.42857
6.20588
7
6.73171
7
6.31579
7
6.17949
6
7
6.88235
7
6.84211
5.61111
7
7
6
7.125
7.58333
5
6
5.38889
7
6.81818
6
7
6.66667
7
6.73684
6.84375
7
7
4
5
5
7
7
6.8
7.25
6
5.66667
5.6875
7
6.91429
6.85714
6.35
7
8
6.5
7
7
6
6
5.33333
6.21429
6
6
6
6
7
5.63636
6.625
6.83333
6.86667
6
6
6
6
6.25
5.95238
4
6.55556
7
6
5
5
7
6.20588
6.85714
7
7
7
7
6.83333
6.5
7
7
7
7
7
7
6.81818
6
5
6
5.125
5
6
5.51724
6
6
5.825
6.93333
6.35714
6.90909
6.73913
7
6
7.52632
7.27027
6.80769
7.94444
7
7
5.54545
6
6.625
6.625
6.14286
6.05882
6.15789
6
6
6.625
5.92857
6
4.6087
4.60526
5.96296
7
6.62963
5
7.61538
6.66667
6
5.6875
5.78378
5
6
5
6
7.66667
7
6
6
6
4.9
6
7.6
4.35714
5
7.26667
6.94872
6.63158
5.53846
6
6
7.53333
7
6
5.12121
5.77778
6.05263
6.84211
6.09091
8
6.14286
7
5.9
4.76923
5.44444
6.27273
5.27273
6.25
6.625
7
6.05882
6.5
5
6.33333
6
6.66667
7
7
7
5
5.15385
7
6
7
6
7
5.83333
7
6.83333
6.66667
7
7
7
7
6
5
5
6
7
7
6
7
6.91667
6.84615
6.11765
6.625
6
6
6
6.3125
5
6.78261
6
5.4
6.1
5.5625
7
6
6
6.125
6.88889
8
5.4
5
5
7
7
5
8
7
6.92308
6.875
6
7
5.76923
4.55556
6
6
7
7
6.8
6.21429
5.84
5
5
7
5
6.7
6
6
6.875
6
5
6
6
6
7
7
8
6
6
6
6
5.90909
3.77778
6
6.875
5.66667
6.85714
7
6.27778
7
7
7
6
6.71429
7
5
6.625
5.66667
6.76471
5.94444
5
7.7619
6
6.06452
6.625
6.03571
6.05
6
6
5.81818
7
7
6.86957
4.51515
6.26316
7
4
4.93333
5.675
5.28205
5.29032
5.89189
5
4.94
5.60606
5.45455
6.59091
6.51111
5.5625
4.95
6
6.77143
6.74468
7
5.78125
7
6.88889
6
5.74468
5.95556
6.77778
7
5
6.27273
6.2
6.82353
8
7
6
6.6
7
6
6.90909
7
7
6.66667
7
7
6
4.04
4.92593
6.44444
4.76
4.45455
4
6.03571
6.31818
7
6.6
7
7
6.96154
8
7
6.33333
5
6.875
5.38462
5.55556
6.72727
5.08824
6.88889
6.61538
6.92
6.72727
5.98438
5.3
5.96
6
7.58333
5.83333
5
6
5.96203
5.69444
6
5.875
5.2
6.88889
7
6.71429
6
6.8125
7.39535
5.11111
6.63158
4.72
7
6
5.31818
5.9
7
6.88462
5.625
5.47368
5.85
6.47059
6
6.89474
6
6
6
6
6
7
7
6
5.71429
5.625
4.58333
6.72727
5.21429
6.5
5.92857
7
5
6.45
6.33333
6.5
6.13333
6
5.55556
5.4
5
6.83333
5.47619
6.63636
7
6
7
6.375
6
7
7
6.5
5.7
6.45455
6
6.375
7
6.93182
7
5.94737
5.84783
7
7
6.74138
6.7
5.5
6.47826
4.59091
6.95238
5.74194
6.64444
6.375
5.24
6.66667
5
7.46154
7
5
6
6
7
6
7
7
5.875
6.74138
5.36
6.59091
7
5.88235
6.66667
5.95
5.94595
6
6.66667
5.8125
6
7
6
6.16129
6.09524
6.25
7.86667
6.48889
5.57143
8
7
4.74074
6
7
7
7
6.6
6.25
6.95238
6
6.76923
6
7
6.4
5.61111
6.92593
5.64706
6.72222
6.82353
6.44444
7
5.73333
5.78571
4.31579
6.72727
6.73684
6.57143
7
7
7
8
6.9
7.2619
8
8
7
7
7
6.25
6.25
6
6
6.25
6.37931
7
7
7
5.9
5.85
5
4.83333
5.95
7
6.58333
5.7
6
6.1
6.45833
6
5.93333
6.65
7
6.15385
6
6
5.93617
4.85294
5.75
6.23077
5.23333
6.92857
6.5
6
7
6.6087
6.38095
6
6.22414
6.14815
5.92857
5.33333
5
6.42857
7
6.88889
6.875
6.41176
5.20833
5.97561
5.20588
6.1875
7.83333
7
5.2439
6.53191
6.86957
7
7
6.88
8
5.73333
5.22222
5.54545
5.55556
6
4.82609
6.5
6.31818
6.12
6
5.85714
7
6.4
6
6
5.75
7
7
7
6.53333
3.90909
6.63636
5.70833
6.01538
6.28571
7.20455
6.36585
7.3
7.53465
7.97778
4.39474
6
4
6
6.81818
7
5.10185
5.75
7.36
5.5122
5.73913
7.16279
7.39216
7.13793
5.77193
5.56579
5.58824
6.75
6.84416
7
7
6
6.22222
5.9625
5.40351
5.91429
6.875
6.8
7
6
5.7
6.57692
5.24138
6
5.51613
5.55172
5
7
6.65
6.33333
6.16667
6
7
6.53846
6.3
6.77778
7
7
6
7
6.66667
6
6
7
6.09524
6
6.57143
6.6875
7
6.1875
6.23077
7
6.8
6.08696
5
7
7
7
6
8.24
6.11765
7
6.13333
5.95
5.94595
6.11111
5.88095
7
6.5
5
7
7
6.13333
7
5
6.85714
5.42105
6.93333
6.33333
7.35
6.14286
5.5
6.2
6.46154
6.46667
7
6.3
5
6.06452
6
6.45714
6.45714
6.37931
6.7
7
7
6.78378
6.34615
5.5
6.8875
8.25
6.71429
6.77358
5.79412
6.96825
6.825
7.19048
5.70833
6.19048
6.75
6.52778
6.5
6.4
6.68182
6.6875
7
6.59375
7
5.96429
5.07143
6.65625
5.41176
5
5.81081
6
6.71429
6.31579
6.15152
5.5
5.69231
5.31818
8
5.14286
7
6.44444
7.41667
7
6.72222
6.59091
6
6
5
5
5.38462
6.92857
5.91304
6.53333
8
6.71429
7
6
6
6.97297
5
5
5.46667
5.46154
6.33333
7.4898
6.78947
6.85714
6.94444
7.08824
5.53488
5.17391
6.34375
5
5
5
6.29508
6.54545
7
6.875
7
5.8
6.06061
5.98039
6.2
6
6.09091
6
6
6.52632
6.67742
6.59459
6
5.875
6.52941
4.875
7
7
7
5.59259
7
7.8
7.5
8.39535
5.23077
5.25
6.63333
7
6.59375
7
7.53333
6.56522
5
6.46429
6.90625
5.96
6.5
7
7.27907
6
6
6
6.15217
6.08163
7.08824
5.64865
6.64865
6.52381
6.52083
8
7
6.96552
5.33333
5.5
5.4
5.30769
6.66667
8
7
6
5.75
5.85714
4
5.5
6.9375
7
6
6
7.27273
6
6
7
6.5
6
5
5.5
5.36
7.15
5
5
6.92857
4.9375
3.57353
5.82143
6
6.5
6.53623
7
6.94444
4.94737
5
5.3125
6.88679
6.7037
5.07692
5.11538
5.25
6
4
6.3
6.825
6.21429
7.46154
7.5
6
7
7.40625
6.25806
6.14706
6
5.90909
7.32692
5.78261
4.61538
6.95652
6.63158
6.42857
5.06667
6.41026
5.93023
7
6
6.60714
7.16667
6.7
6.6
7.04286
6.51852
6.63636
6.72549
6.47154
6.83607
7
6.62963
6.84298
5.81818
6.39655
7.26087
7
5
6
6.4
6.85714
7
7
5.62857
5.65714
5.65789
6.08929
6
6
5.75
6.27778
6.42857
6.79412
6.8125
4.93333
5.7931
7.15385
6.77778
6
6
6.84615
7
6.13333
5.97368
6.15789
5.89744
7
6.0303
6.35714
6.08824
6.16129
6.08824
5.34783
5.6
5.88333
6.05
6.09091
5.82857
5.54545
7
6.375
5
6
7
6.5
5.8
5.51724
6.07895
5.25424
5.67391
4.58333
8
6.46429
4.88
6
6.60784
7.04167
6.42222
6.32653
5.48485
5.66667
7.53333
7
6.88889
7.5
6
6.71429
7
8.08163
5
7
7.35294
6.71429
6.61702
6.35897
4.8
5.79167
6.46667
6.94444
6.88462
5.79365
6.85714
6.76316
4.70968
5.40741
4.86486
6.66667
6.60417
7.02439
6.71429
6.16667
5
6
5.93333
6.34375
5.64
6.96429
6.625
4.89286
4.9697
7
7
7
6.66667
6
7
5.2
5.375
5.88235
5.99153
7.75
6
6.72917
5.4375
6
5.9
5.62963
5.54762
7.72727
6
5.85714
7
6
5
6.5
6.33333
7.06757
6.53488
6.53659
5.52174
7
6.5
7
6.22222
7
6
6.73333
7.24138
5.92105
5.68182
6.88889
5.29412
4.93103
6.14286
6.30303
7.30769
7.53333
6.35714
7
6
5
5
5
6.95833
6.14815
6.21212
6.46429
5
6.375
7
7
6
6.25
5.38889
6.5
7
5.52632
7
7.56667
5.875
6.83333
5.65385
7
6.07407
6.14286
5.85714
6.66667
7
7
7
7.9375
7
7
7
6.5
6.53488
6.6
5.75
6
7
7
6.72
6
4.95238
5.88235
5.93333
6.93333
6.85227
6.90588
4.77778
7.57895
8
6.8
6.47059
6.28571
6.375
7.38462
5
6.88889
6.88889
6
5
6.78261
5.46429
6.32895
6.86667
6.9375
6.75362
6.52941
6
8
6.95833
5.775
6.54167
7
6
6.52542
7
5.5
5.66667
6
6.06667
7.42857
5.81818
6.87097
6
6.93548
6
6.18182
7
6
7.91667
6.47368
6
6.58333
6.77273
6.75758
6.89189
7
6.24138
6.21875
6.88
6.94286
6.44118
7
6.80392
8.28
7.125
4.98148
6.84375
7.29825
6
5.92857
6
6.95652
6.85714
5
7
6.67273
6
5.96429
6.14286
7.75862
6.14583
6.75
6.78261
7.53846
6.61842
6.71605
7
6.31579
6.2
6.1875
7
6
6
6
6
6.63333
4.73333
5.63333
5.66667
7
6.09677
5.45161
4.39474
6
6.91429
4
4
6
6
6
6.57143
6.81818
6
6.75
6.96552
6.33333
7
6.19444
5.94737
6.51111
5.10185
5.75
6.58974
6.9
6
6
3.48333
5
5.30435
4.91667
7.36
5.5
7
7
5.125
6
7
6
5.5122
8
4.55172
5.96429
5.36667
6.36364
6.875
6.17391
5.86957
6.14815
6.5
6.83333
5.81818
6.14062
6.0625
5.72093
6.10526
3
6
5
5.5
5.4
5.73913
7.16279
7.39216
5.65625
7.13793
6.5625
7
6.41304
5.77193
5.56579
5.86111
5.3913
6.8
7
6.78788
6
6.23077
7
5.58824
6
4.69565
6.8
7.0625
5.44595
6.75
6
6.42
6.84416
5.73333
7
7
6.91176
7
7
6
7
7
6.41176
6.75
7
7
7
7
6
5.44444
5
5.74359
6.43333
5.65517
6
5.95833
5.6
6.75439
5.875
6
6.85714
6.4
6.52941
6.52381
5
6.90244
6.17949
7.28571
5
6.85714
5.92982
6
6
5.3913
5
6.6
6.53846
5.74419
5.88889
8
6.18182
5.35
5.74194
6
6
7
6.1875
7
7
7
7
6.0625
5.97619
6
6.40625
8.5
8.55556
6.06452
7
7.13636
7
5.79412
6
8.6875
6
5
5.66667
7.93333
6.51852
6.09524
6.25
6.76923
5
5.88889
7
6.70588
6.46667
5.36111
7.29412
6.6087
5
5.38202
5.42308
5.74419
5
5
7
5.51923
6.28125
6.6875
5.88889
7
7.77273
5.8125
6
8.73333
7
6.30769
5.59091
6.97727
6.92683
6.45455
7.58333
6.46667
6.92593
5.33333
5.82609
7.47059
5.5625
6
7.85714
7
6
4.85714
7.27586
6.22222
6.82927
9.8
5.54545
6.5
6.5
7.83333
5.54839
6.85294
7.26087
6.78571
6.61111
7.12821
6.34483
7
6.40625
6
5
7.375
5.37931
6.88889
6.91837
5
7.05
6.26316
6.35616
3
5.93617
4.36842
6.4
7.8
6.92308
5.29268
5
5.4375
6
7
7.09167
4.7
6
6.8
6.91892
5.68
6.18182
5
7
6.31818
6.1875
7
5.85
4.7
7.0678
5.76
5.92308
7
5
5.64444
6
6.53125
6
7.33333
6.33333
5.36364
6.2
5.90625
6.42308
6.6
5.72727
5.59259
4.65789
5.76744
7.11905
4.17647
5.86364
5.61538
5.35
5.21739
5.96
6.5
6.77273
5
6.11475
7.95455
5.81818
6
6.61905
4.12069
6.58824
5.76
7.33333
5.51724
6.69565
5.64865
5.75472
6.35135
6.73016
6.38333
6
5.59091
6.51852
6.94444
6
4.875
5.42857
5
4.78261
5.61111
5.53333
7
5.41379
4.4
6
5.86301
6.6
5
7
6.64286
6.38462
6.88235
5.80556
5.4
6.59091
6.75556
6.125
7.16129
6.2
7
5.17857
5.11111
8
4.25
4.86364
6.75862
6.09091
7.61538
6.95652
6.59524
6.98571
6.73529
4.84
6.47619
6.35714
5.8
4.7931
5
7.11429
5.90909
5.76471
6.08696
6
6.30435
7
6.46667
7.28571
6.18919
5
7
6.5625
6.53846
6.25926
6.32
6.88
7
5.2
6.17105
5.75
6.61538
6.16
7.43243
5.55556
6
6.65517
7
5.91379
6
6
6.6
5
6.88
6.59524
5.34483
4
7
6.4
6.78571
6.88571
6.35714
6.12
5.625
5.88889
6.94118
6.56
7.32143
6
5.5
5.92857
6.79
5.5
6.14583
6
6.4
6
7
6
5.92473
8
6.57576
7
5.44828
6.5
5.73333
6.51724
5.84615
9
5.8
5.60526
7
7
7
6.1875
8
7.44068
6.36842
5.25
7.4375
6.78261
8
7.42857
5.92857
6
7.13793
7
7.28571
7.52941
6.63158
6.63415
5.69231
6
7.2
5.73913
7.46875
7
7
6.14286
5.09639
7
6.75862
6.64286
8
5.59091
6.86667
5.95
5.7619
7.38889
6.05556
6.63158
5.19048
6.34146
6.58333
6
6.92683
5.64706
4.3125
5.48485
8.72222
6.41667
5
6.77778
6.88889
5.90385
5.88462
5.875
5.95349
6.875
6.55769
7.15385
7
6.62069
6.59091
6.8125
6.59184
7
7.10526
6.77778
7.68421
5.28
7
6.18182
6.35484
6.6087
7
6
6.46667
4.63415
7.80952
5.69697
6.6875
6.47222
5.62222
5.95455
5.65385
6
5.91176
7
6
7.53846
6.875
5.74242
6.04762
5.76
7.1
5.77778
6
6.87097
6.87755
7.34694
7.74194
6
7.65625
7
6.44444
6.5
5.9375
7.76667
6.4359
7.42222
6.41818
6.38235
6.38776
5.96429
5.19444
6.05556
5.70588
6.19512
5.92
6.66667
5.89655
6.10526
6.64286
6.25
7
6.68182
5.15
6.04167
5.1
4.35294
5.13043
6
6
6
6.41667
6.92857
5.73171
4.90909
4.93548
6
6
6
5.09524
5.96875
8
5.85
6.05263
6.41667
6
5
6.66667
6.64516
5.78571
6
5.88
6.93333
5.54545
5.8913
4.68
6.05263
5.2963
6.50633
6
6.57143
5.88235
6.63636
7
5.83333
7
5.64865
5.125
6.75676
5.18182
7.34483
6.14706
7
6.35088
5
6.25
5
6.85294
6
5
4.83333
6.38095
6.61765
6.65625
4.84615
6.7
5.78788
6
5.8
6.9375
5.53333
5.2
7.25
4.5625
7
6.94737
6.4717
4.35294
5
6
6.66667
6
5.29167
7
6.96296
7.9
5.75
7.92857
6
7
6.66667
6.76923
4.66667
6
7
5.71429
5.40625
6.34375
5.21053
7
6
6.55556
7
6
6.46429
6.85714
6
5.66667
5.57143
4.76852
6.52632
6.64706
6
6.14286
6.55556
5.90625
6
6.78125
6.64
6.58333
5.53846
7.10169
6.33333
5.96875
6.44444
5.85
6
5.60526
7
5.9375
5.275
6.30435
5.59574
6.29412
5.48485
6.90625
7.4
4.77907
5.54348
6.05882
6
6.58824
5
7.625
5.43333
5
6.57143
6
5
6
5.91228
5.96667
7
5.72222
6
7
4.25
7.57143
6.51724
6.76923
7
7.58824
6.65854
6.02222
7
7
6.58065
5
7
6
6
7
6
7
5
7
7
7
6
6.4
5
6
6.11111
6.5
5.52941
6.46154
4.25
6
6.2381
7
7
6.05263
7
6.33333
5
5
5.25
6.75676
6.09756
6
6.90625
5
5.73529
6.74468
7
7
5
5.5
7
7
7
6.95
6.41935
7.88235
6
7
6.81633
5.66667
5.78571
5.96667
5.88889
7
6.37143
5
5.80952
5.52381
4.80769
5.39535
5.41818
4.85
5.77419
7.26829
7
5.9375
6.79592
6.45455
7.18033
6.54167
6.78571
7
6.94118
6.94118
7.27273
7.19608
6.625
5.5122
5.875
4.93333
6.7
6
6
6.62121
6.08
5
4.52632
4
5
4
4
5
7.27778
6
6.98077
7.75
6.48889
6.55556
7.36364
6.43137
7.16129
7.03774
5.74545
7
7
6.64286
7.5
7
5.8125
5.90909
7
7.30508
6.53226
6.63725
5.16667
6.63158
6
7
7.71429
6.83333
7
6.89474
5
6
6
5
5.31579
5.96296
5.63636
5.72727
4.78947
6.33333
6.4375
5.25
6.7
7
6
6
6
7
5
5.375
4
6
6
5
7
5
7
7
6
7
7
5
6
6
5.625
6.75
6.37931
5.375
5.83333
3
6
7
4
4.75
8
6.25
6.72917
7
7
6.78571
5
6
5
5
6
6
6.44444
5
6.53333
4.98148
4
5
4
6.375
6
5.96154
5
5
5
4
6.16279
6.66667
6.66667
5
4.9
5
5
6
5.47826
5.57895
5
7.42188
5.9
6
5
4
6
6.72
5
3
5
3.26087
5.4
5.94444
6
5.7037
6
4
6.61111
5.37037
5
5.88
3.05714
6
5.75
5.28571
4
4
5.7931
5
5
4
4
6
6.85714
6.375
5.65789
4
6
7
6.88889
3
4.22727
2.82222
7
4.25
3
6
6
5
3.07692
6
3.0625
4
5
5.4
5
3.11765
5.33333
5
4
5.17647
5.125
5.08696
3.46296
5.88462
5
5
3.78571
5
4
5.33333
6.8
4.76471
4.89286
5.09677
6.13043
4
6
5.05714
6
5
3.09091
6
3.77778
4.77049
5.36364
6.73077
6
6
4.52381
5.56522
4.7
6.06452
4.75
4
4.5625
4.70769
6
7
6
6
5.47826
4
5.56522
4
5.66667
4
5.90698
5.57778
5
5
6
4
4
4
5
5.70588
3.46939
4.60606
4.69697
4.14286
4.15625
5
6.8
4.85714
6.09524
4
4
4.77778
5.43333
4
4.33333
3.25
6
4
5
5.5
6.21429
7
7.28571
3
4.6
3
5
4
4
4
5.5
5
5
5.8
5
5.57143
7
4
5
6
7
5.19048
7.8
7.82609
7
6.41096
5.95238
6
5
7
5.84615
6.8
6.65625
5.8
6.30769
6
6.8
6.92308
9
7.85714
6.94286
5.85
6.7037
5
6
7
6
6.14286
6.22222
7.47619
7.77778
7
6
6.19444
5.22222
6
7.90909
4.52381
6
7
5.05882
5.1875
6.96296
4
5.86667
7.26667
7.84615
7.11111
6
6.975
6.05263
5.9375
8
6.07143
6.6
6
6
4.28571
6.67857
6.33333
7
7
5
6.66667
8
7
6
5
6.65714
6.17647
7
6.17647
7
5.58824
6.11111
5.59155
7.69444
3
7
6.05263
5
6.72
6.5
6.38889
5
7
6
5.77778
6
7
7
7
6
5.625
6.10526
5
6.45
7
6.83871
6.7
6.8
6.81818
6.16667
7
5
7
7
6
6.91304
7
6.77778
7
7
4.73529
7.8
6.22222
7
5.66667
5.8125
5.33333
6.6
7
6.58333
6
5.625
6.24
5.82927
6.22222
6.35714
5.7
7.57895
6.13043
5.12
5.85
5.91667
7
7
6.23077
7
5.97436
7.3
6.33333
7
6.7027
6.59091
6.19048
5.31818
7
6.53333
5.92683
5.85714
8.24074
6.9375
7
5.83333
6.14286
6.16667
7
6.48485
7
7.11628
6.35714
5.73333
6.88235
6.42308
5.95238
5.55
6.95506
6.66667
7
4.90909
6.16667
5.45714
5.36364
6.28571
5.95522
6
7
5.43243
6.71212
6.48276
5.63636
6
6
6
6
7
5.80769
6.13636
6.91667
7.17647
6.3913
5.14286
6.14286
6.64516
6.51136
6.94737
5.5
6.90698
6
6.65
6.375
7.27273
5.41935
7.72619
7
7.35185
7
7.11538
6
6.96825
6
6.83333
6.14493
7.06957
6.75806
5
4.2
6
7
5
5.04167
5.85714
7
7.65
6
6.1087
7
7
6.80952
7
6.04167
6.20833
5.41935
5.5122
7
9
8
5.9375
7
5.77083
4.2
7
7.61538
5.84444
6
6.42857
7
7
6
5.62264
6.52679
6.42857
6
6
7
6
5
5.90909
6
6.15909
5.625
7
4
6.67857
5.77273
5.33333
7
4
6
7
6.73333
6
4.125
7.25
8.42308
7
7.73469
7
7
7
6.91379
5.66667
5.13889
6.52679
6.98718
7
7
6.72727
5.75
6.96154
7
7
6
5
6
7
7
6
6.75
6
5
5
6.22222
6
5.92308
5.85714
7
7
5.53333
7
6
5.22581
7
5
6
7
7
7
6
6
6.8
6
6.9
7
6.77778
6
5
5.5
6.44444
7
6
5.9
5.33333
5.5
7
6.66667
6.72414
6
5.34483
7.82857
5.17886
6.93333
6
7
7
8
7
6.125
6.90385
6.88235
6.6875
6.67857
6
7
5
5.07143
6.5
5.65116
5
7.13514
7
7
5.7037
7.57692
7
6.54545
6.60317
6.5
6.70652
6
5.73529
6
5.54762
7.43478
5.47059
5
6.14444
4.86792
5.63934
5.66667
6.05
7
7
6.46512
5.07143
7
7.27273
5.63158
4.7
5.11765
5.53488
6.75
5.62069
6.625
5.69444
7.6087
5.53659
6.61765
7
3
2
6.14815
6.93333
6.14286
7
6.41304
6.93333
5.4
6
6
7
5.72222
6.53488
6
6.43478
7.15789
7
7
7
3.47619
6.91667
6
8
7
6
6
7
6
7
7
7
7
6.91176
7
6.7
5.9375
7
7
6
5.52941
6.87097
6.84615
6
7
7.71429
6.90909
6.45455
8.86364
5.47368
6.54545
7.08333
6.15
6.57143
7
7
6.41176
6.87805
4.96875
5.5873
6.48649
6
6.94231
7
7
6.29577
7.86585
6.80645
6.62887
6.5098
6.16327
8
5.54167
6
5.91667
6.83333
5.54545
7
7
7
6
5.12821
6.11765
7
7
7
6
6
6
6
5
6
7
7
6.5
7
5.77778
7
5.92857
6
5
6
5.91549
7
5.81818
6
7
5.58824
7
5
6.04348
7
7.1875
6.35385
